[[  2.17500000e-01   0.00000000e+00   1.28029507e+00   1.20962804e+01
    2.08900000e+03]
 [  2.12717124e-01   1.00000000e+00   1.30862439e+00   1.06841487e+01
    3.09100000e+03]
 [  2.13108521e-01   1.00000000e+00   1.30628883e+00  -1.32331266e+01
    1.42620000e+04]
 [  2.42411843e-01   1.00000000e+00   1.13950180e+00  -4.25737888e+00
    1.71690000e+04]
 [  2.54143061e-01   0.00000000e+00   1.07663647e+00   1.47452443e+01
    2.26990000e+04]
 [  2.74085736e-01   1.00000000e+00   9.73990952e-01   1.53383179e+01
    1.82460000e+04]
 [  2.56141775e-01   0.00000000e+00   1.06611936e+00   1.40868544e+00
    3.18610000e+04]
 [  2.78988940e-01   1.00000000e+00   9.49482336e-01   5.61589163e-01
    2.90400000e+03]
 [  2.88659214e-01   1.00000000e+00   9.01904819e-01  -9.88225855e-01
    1.49600000e+03]
 [  2.85929557e-01   1.00000000e+00   9.15236142e-01  -5.74191336e-02
    3.19550000e+04]
 [  2.91380239e-01   0.00000000e+00   8.88690001e-01   2.43219203e+00
    1.01520000e+04]
 [  2.99963893e-01   1.00000000e+00   8.47469805e-01  -2.40023648e+00
    1.95210000e+04]
 [  2.77907381e-01   1.00000000e+00   9.54865516e-01   4.74115442e+00
    1.96350000e+04]
 [  2.98078330e-01   0.00000000e+00   8.56465512e-01  -7.94900048e+00
    3.02910000e+04]
 [  2.88593739e-01   0.00000000e+00   9.02223709e-01   3.18526302e+00
    2.37120000e+04]
 [  2.82976497e-01   1.00000000e+00   9.29744775e-01   2.51732182e+00
    3.33800000e+04]
 [  2.78985365e-01   1.00000000e+00   9.49500111e-01  -7.83838161e+00
    2.37310000e+04]
 [  2.82098996e-01   0.00000000e+00   9.34073623e-01   2.17218623e+00
    1.48390000e+04]
 [  2.81431599e-01   1.00000000e+00   9.37371470e-01  -4.22974697e+00
    2.24700000e+03]
 [  3.00126759e-01   0.00000000e+00   8.46694319e-01   1.28173475e+01
    2.33860000e+04]]